1000 1 1000
2300
778 237 12
488 222 9
525 13 72
767 178 76
5 954 99
840 607 67
765 751 94
558 553 48
915 575 71
154 645 2
141 488 27
189 280 91
6 20 54
48 137 73
153 447 51
350 624 61
39 401 12
315 705 84
571 60 9
900 535 56
966 773 12
39 140 78
783 585 69
961 289 6
72 253 21
368 622 92
297 576 65
10 309 20
206 873 30
266 158 72
233 321 75
698 309 100
884 486 71
245 975 75
667 337 87
644 44 46
517 309 47
624 687 24
890 857 94
281 112 85
139 327 76
275 610 4
898 897 10
30 568 68
654 742 16
26 874 73
756 24 47
598 471 42
933 983 63
997 720 68
959 301 70
94 994 83
911 410 63
33 845 28
439 81 68
848 254 1
360 903 50
207 570 28
486 389 19
398 739 1
4 814 84
936 267 56
611 499 52
28 909 53
340 495 35
738 607 76
166 66 73
464 456 63
749 615 79
933 999 25
477 747 38
947 608 11
323 878 12
747 934 12
244 661 77
844 930 83
261 453 71
268 940 11
55 322 94
227 209 89
726 507 84
502 367 49
81 767 98
484 214 1
650 634 77
494 423 9
293 567 63
993 467 64
204 720 41
953 571 89
917 211 73
215 571 27
454 882 27
219 776 1
344 997 72
190 142 67
112 558 19
579 1 50
274 13 92
455 996 20
290 609 36
4 881 59
514 190 38
735 950 16
767 412 55
289 618 27
659 500 75
424 370 51
432 401 83
264 861 99
687 466 93
954 495 67
358 329 4
378 627 21
476 943 82
469 537 10
333 664 61
341 235 13
280 891 34
994 624 63
619 56 87
798 702 62
336 362 60
309 843 84
287 640 81
110 151 37
5 352 71
172 855 14
608 135 90
269 444 15
162 379 29
280 945 7
731 232 62
779 555 35
984 730 2
444 811 16
215 634 24
979 35 55
765 267 40
902 905 57
914 343 33
746 399 17
22 414 71
466 819 5
234 333 12
887 333 24
821 572 70
343 896 49
906 677 26
661 237 11
69 687 78
918 92 4
122 435 88
900 887 32
388 940 41
608 30 53
192 196 43
90 835 48
161 731 31
69 165 10
789 137 89
418 585 59
419 57 70
513 132 47
313 696 24
397 618 53
404 269 72
756 502 24
32 631 1
30 945 51
898 811 82
794 475 52
300 180 45
740 98 37
760 108 28
250 443 18
461 346 83
351 254 43
556 90 62
897 789 42
877 4 25
330 600 30
718 87 48
687 909 7
31 529 74
287 43 43
300 826 5
290 76 15
656 965 23
312 925 6
105 202 33
28 527 56
530 474 65
207 642 48
807 197 7
373 30 64
815 810 49
937 778 94
605 910 81
744 100 42
626 969 84
819 772 92
916 101 1
296 101 79
988 841 34
883 89 68
776 876 96
666 592 56
335 804 34
736 419 40
766 309 27
270 500 84
333 576 9
883 567 55
591 687 25
715 38 12
16 391 76
3 473 79
828 920 94
201 681 85
37 676 11
32 97 26
818 268 33
451 47 96
235 840 47
97 856 73
265 7 70
701 100 72
702 556 4
420 840 34
770 44 35
633 828 82
127 55 55
163 110 70
268 593 18
818 295 15
382 419 82
972 136 30
217 86 32
265 895 81
83 673 2
494 705 96
305 350 45
61 570 38
214 628 4
634 565 66
509 757 16
793 867 10
895 930 3
518 512 69
444 642 50
519 834 69
901 633 58
290 778 58
200 633 65
435 48 7
697 762 30
802 197 4
159 814 82
187 393 90
515 906 79
45 946 90
713 690 21
814 682 6
307 735 79
844 504 11
309 855 39
786 720 43
354 561 41
774 936 55
849 41 27
369 73 62
842 614 44
650 667 97
179 822 73
675 518 66
824 640 21
46 571 82
165 711 73
225 968 2
690 645 54
369 415 23
776 673 89
672 599 53
601 231 97
846 574 94
534 238 67
479 887 9
210 887 92
493 321 88
787 372 35
855 392 85
518 899 13
695 60 82
419 82 42
99 309 94
760 154 23
384 460 22
865 432 40
673 98 53
945 98 55
86 672 4
655 135 53
888 885 6
906 396 71
141 615 25
166 261 42
934 814 77
608 541 89
352 721 50
779 815 38
211 95 75
921 602 52
72 506 87
302 953 100
505 146 7
107 711 71
360 943 6
212 532 33
426 18 5
935 528 40
271 777 55
131 416 98
789 108 31
588 966 38
669 707 29
824 510 71
237 132 43
322 856 7
74 717 59
50 971 79
300 368 55
325 933 12
40 808 22
680 254 21
400 310 99
203 571 99
406 949 94
703 807 69
929 102 12
164 155 7
423 176 40
13 155 15
487 438 10
160 662 8
264 570 24
287 925 70
700 37 22
88 174 6
826 121 1
707 1000 88
665 310 38
508 452 67
873 462 60
862 473 49
112 434 7
362 499 42
691 960 66
850 407 41
673 734 76
748 142 75
253 764 21
328 585 34
374 98 32
996 178 18
662 145 5
127 426 73
467 996 90
43 384 25
225 738 94
6 137 3
124 668 39
514 901 29
890 230 82
121 846 64
210 126 12
827 966 99
112 494 27
976 31 32
437 759 66
245 838 90
254 294 14
791 940 95
578 610 84
904 925 52
642 325 47
589 920 26
217 732 4
626 677 72
144 674 79
690 690 46
558 480 96
638 672 93
825 612 74
832 480 60
280 144 12
250 540 99
680 113 100
707 725 96
213 945 84
96 943 34
805 552 68
455 652 91
711 165 84
623 735 71
515 673 17
368 502 22
91 982 69
243 657 81
956 165 44
30 457 35
315 513 72
887 554 92
603 27 12
9 486 76
237 560 57
549 1 68
736 326 37
365 288 8
247 687 73
966 539 44
571 980 80
344 347 78
9 399 44
608 320 66
46 809 91
927 819 77
124 555 58
874 952 26
579 329 30
232 417 62
147 454 67
635 637 26
122 544 16
215 906 72
215 582 86
166 359 39
808 407 72
684 945 51
782 523 27
929 867 25
221 608 41
223 124 49
521 240 41
768 563 96
962 935 34
403 890 68
353 662 55
685 68 28
597 643 40
440 823 23
823 399 84
654 307 93
417 15 95
398 277 85
623 310 98
721 280 93
543 707 24
29 846 86
24 738 94
106 464 63
911 389 40
462 368 90
233 308 59
20 799 68
510 778 21
120 289 93
348 468 71
548 658 88
900 305 74
571 173 6
512 214 1
155 941 73
559 386 81
377 941 85
240 911 83
163 508 66
986 612 49
479 43 95
478 593 13
977 637 50
659 124 97
263 293 72
24 733 18
793 957 42
29 916 78
63 376 53
235 201 92
155 419 33
595 989 1
665 256 95
652 863 54
844 378 45
852 924 67
206 691 39
218 219 85
439 627 77
497 812 95
796 960 51
113 403 54
174 406 5
661 324 70
269 570 30
975 970 2
740 918 28
255 238 34
553 292 46
329 61 70
204 694 34
575 801 40
432 254 78
445 770 96
379 385 48
316 994 38
734 45 91
616 914 83
717 46 92
895 51 58
457 883 13
929 853 55
131 881 7
655 426 39
792 811 91
29 524 45
96 632 78
12 898 46
663 647 19
201 515 76
892 351 15
897 531 61
45 29 64
160 718 72
963 213 13
73 868 85
159 370 76
461 912 97
101 262 57
876 977 4
497 789 95
231 571 22
454 600 10
808 821 19
615 277 53
74 169 8
247 447 44
136 817 78
708 311 26
534 375 57
625 785 44
142 511 4
139 959 77
298 726 84
89 945 16
132 904 98
363 218 20
561 647 52
693 435 61
486 155 24
23 800 32
458 83 95
430 647 29
145 225 53
464 993 59
390 471 30
119 718 1
846 397 2
424 375 55
247 368 84
557 839 31
175 629 96
321 259 63
141 703 17
747 639 23
128 244 59
265 586 29
117 385 30
699 957 17
321 692 24
749 769 40
606 850 44
481 357 43
282 845 12
896 535 95
960 78 33
111 123 89
411 691 43
139 239 99
338 651 54
238 155 42
169 223 14
310 416 37
517 557 83
640 305 92
891 920 36
332 412 91
806 662 84
153 43 86
292 297 64
961 915 2
227 123 3
872 150 83
242 830 87
453 995 65
427 384 23
263 169 80
771 814 55
471 900 61
456 952 83
227 841 59
427 717 18
131 350 42
540 726 74
157 497 47
207 49 30
773 394 38
310 350 33
597 521 58
134 951 44
758 70 53
668 856 74
319 455 89
310 361 65
482 114 38
476 759 35
386 147 91
835 961 68
732 849 86
625 712 41
144 492 91
441 983 6
535 64 73
803 928 65
61 808 92
903 468 42
821 250 50
290 740 59
858 752 60
449 631 10
394 963 55
553 904 14
562 859 76
320 693 96
91 291 43
147 636 14
823 312 18
431 801 91
359 515 3
538 788 38
187 442 52
725 520 93
49 957 77
879 141 46
961 676 90
318 860 62
777 768 98
583 393 2
794 196 27
817 843 64
932 47 11
624 178 86
266 493 49
418 268 5
194 100 69
17 247 5
436 265 92
373 578 43
295 980 80
689 882 76
651 668 19
285 564 45
746 569 93
145 597 7
785 899 95
398 78 82
334 449 35
824 307 6
595 352 47
588 951 89
323 658 52
887 327 89
941 235 21
166 918 50
598 65 21
352 855 17
331 476 83
826 591 46
306 659 80
53 979 13
489 86 41
156 290 8
12 364 60
751 730 37
548 800 42
53 972 63
923 224 76
940 265 68
907 797 11
156 484 44
379 840 22
502 938 68
849 673 36
995 937 36
504 835 84
195 765 21
687 512 12
50 196 99
784 857 97
282 655 37
424 939 92
179 255 61
195 205 67
163 714 8
758 409 82
23 621 11
561 601 2
815 978 62
697 712 99
990 809 65
906 875 11
148 49 23
83 737 73
238 587 71
740 457 78
976 370 20
902 944 49
763 785 12
556 523 40
305 137 11
534 731 23
201 193 58
149 432 75
947 339 7
833 11 68
317 447 70
885 733 44
91 846 55
386 713 51
369 690 5
588 526 24
527 136 25
245 735 52
561 365 11
402 248 32
498 888 19
54 978 91
724 578 6
733 183 38
891 523 36
635 579 45
53 197 46
231 964 69
494 585 92
913 269 33
356 164 66
704 211 99
396 903 73
382 926 33
660 381 37
934 181 62
394 492 33
321 923 42
296 40 61
447 795 19
245 350 98
485 674 42
701 340 38
569 862 95
92 540 27
184 17 64
120 230 62
367 510 83
88 337 36
366 568 56
198 66 49
552 929 43
357 608 88
687 72 43
83 981 17
861 461 14
882 205 43
480 995 98
150 172 93
102 833 2
655 709 80
27 164 12
801 421 23
687 924 18
593 662 77
710 169 48
932 777 37
315 942 15
173 189 37
272 490 23
726 577 27
318 154 88
541 857 66
771 914 69
232 839 36
166 477 91
26 626 96
685 733 36
951 470 19
722 212 91
495 826 23
111 504 86
154 763 56
969 27 39
805 330 95
132 791 91
79 282 21
211 983 64
816 341 32
36 237 36
368 428 7
102 903 62
960 624 76
423 693 6
194 815 91
294 741 78
231 475 100
40 713 66
455 949 2
35 831 96
680 313 1
688 787 2
170 723 83
701 914 69
68 403 64
573 4 79
822 812 10
944 762 76
240 29 92
151 506 36
857 251 31
984 937 24
14 250 93
720 172 22
836 217 80
474 800 63
11 336 23
903 303 93
881 463 66
380 322 82
736 17 18
532 824 81
49 744 39
425 506 72
575 805 41
533 574 70
82 188 64
833 332 92
919 892 83
980 666 38
667 692 14
411 109 89
656 437 92
717 639 54
855 153 89
370 905 24
566 467 8
768 245 84
637 707 10
796 362 53
797 134 79
120 108 76
896 60 91
220 705 41
622 677 97
485 333 5
993 534 48
425 68 44
10 112 79
231 208 86
123 554 56
367 439 61
245 491 31
826 656 81
352 25 61
968 540 19
824 440 90
965 894 97
773 347 29
442 829 81
308 652 39
855 902 72
688 732 82
908 494 69
436 117 93
152 819 79
955 944 54
126 878 43
947 1 34
559 230 67
779 716 76
463 153 90
926 353 45
265 482 6
150 735 2
482 306 46
234 198 41
148 710 37
958 402 10
993 560 3
721 973 36
987 135 84
433 401 81
885 308 55
294 856 84
863 398 9
59 608 61
684 368 60
763 118 87
486 274 21
428 898 46
466 8 49
452 406 82
235 8 42
689 89 90
542 620 13
82 650 61
487 778 8
246 466 57
235 247 12
216 215 82
58 357 95
224 206 52
6 274 46
718 939 11
507 31 26
940 419 57
313 608 61
191 769 34
543 54 99
146 576 8
705 496 90
196 948 2
857 601 97
209 685 55
926 786 59
230 947 73
380 118 86
632 811 71
174 972 69
5 772 70
261 286 46
394 327 48
83 718 66
407 691 77
692 483 21
514 691 83
544 753 55
769 72 4
208 623 42
3 528 15
119 89 17
631 611 7
117 584 54
998 394 18
527 398 25
75 51 70
379 164 31
289 771 59
500 115 37
982 312 43
490 473 91
795 621 63
222 429 37
141 897 15
768 113 80
642 190 89
576 730 29
82 502 94
862 169 30
522 729 10
534 351 96
792 867 2
342 121 99
801 326 67
187 569 93
90 150 21
828 186 31
546 233 64
263 755 51
422 418 90
349 349 10
155 770 58
297 385 63
127 264 10
406 444 18
616 270 52
143 263 48
909 72 49
634 84 76
641 417 56
75 773 78
225 58 94
938 2 7
965 892 95
374 333 48
670 901 56
562 523 7
998 324 84
86 368 10
105 569 94
749 328 37
727 289 61
454 174 62
317 842 43
402 507 8
393 382 83
512 861 20
380 1 43
539 34 34
832 291 29
333 297 75
599 219 78
291 317 53
683 307 37
575 516 29
980 360 100
748 304 28
759 770 16
203 446 60
589 170 93
114 832 64
816 659 5
567 32 4
899 146 78
359 428 24
783 778 62
448 942 99
321 881 98
920 633 63
138 883 52
178 922 3
574 167 39
891 179 77
595 546 67
563 683 67
301 802 53
726 871 7
623 601 3
13 768 36
475 765 33
535 951 29
450 687 17
76 324 42
629 255 71
810 984 32
276 623 61
488 11 34
722 980 75
697 875 12
211 205 65
765 390 54
642 118 79
854 579 66
231 428 63
511 148 22
822 467 96
393 361 24
934 183 31
717 339 79
311 479 71
537 49 72
300 75 60
619 474 48
824 196 12
254 753 19
889 235 53
28 841 33
812 454 13
444 761 63
987 793 60
488 767 22
494 231 95
108 64 90
132 95 93
165 768 51
998 564 99
378 883 69
226 716 50
987 539 42
314 130 33
372 976 22
36 934 82
314 680 24
697 358 57
452 168 57
361 495 97
194 744 37
379 765 23
738 559 37
411 269 66
229 797 41
52 188 57
550 287 40
123 783 3
32 92 38
540 593 34
878 408 85
88 569 77
394 736 70
340 301 78
22 514 29
617 803 42
463 329 64
335 681 23
148 157 22
129 910 50
528 511 58
983 686 25
712 849 100
586 486 19
384 153 83
554 32 5
533 542 91
20 287 40
734 569 40
686 316 4
677 904 88
454 923 26
660 616 80
505 981 100
297 501 11
507 440 43
837 862 91
908 725 6
208 126 30
922 89 94
964 191 52
305 743 10
80 971 21
950 289 100
691 231 61
121 83 47
999 167 23
118 88 39
317 843 1
776 364 5
419 361 38
338 354 37
515 602 69
540 174 73
575 504 62
566 386 84
536 789 1
754 649 13
919 885 27
343 743 90
534 756 51
292 964 17
331 601 71
492 774 83
966 794 63
910 849 44
570 212 4
61 580 100
486 699 92
210 665 81
798 210 57
216 38 84
196 162 18
386 140 1
914 117 100
313 967 85
772 868 79
710 464 67
970 629 33
655 554 23
659 802 88
830 211 51
68 108 71
665 845 15
300 716 64
436 343 86
824 983 4
190 309 96
294 10 30
648 481 55
824 205 25
519 352 63
311 412 15
646 644 24
366 866 1
411 67 1
681 844 61
563 742 93
297 331 4
954 541 94
746 674 99
511 313 27
824 909 11
506 659 14
316 237 1
780 292 20
871 10 45
162 551 20
914 14 26
802 974 56
830 95 43
296 633 44
955 237 93
352 815 43
402 330 1
650 603 39
544 874 38
640 272 9
713 913 19
189 737 98
186 999 91
567 587 16
928 352 1
576 411 15
482 453 45
277 125 19
240 651 90
557 980 31
640 430 11
419 774 72
354 441 74
853 879 98
595 201 19
102 836 62
425 417 4
296 233 74
529 613 9
501 883 54
842 189 83
925 169 67
661 267 96
310 202 49
256 717 87
597 614 63
412 397 11
892 643 17
900 901 17
337 517 55
303 400 76
954 59 89
439 646 7
163 130 7
360 805 16
849 877 96
382 833 59
488 390 82
248 71 90
311 922 26
533 35 39
405 310 80
948 121 51
397 141 75
892 636 22
207 843 16
458 822 88
768 639 96
57 111 45
377 812 9
725 816 35
130 184 9
320 697 16
43 175 33
927 107 69
681 231 80
445 516 29
444 229 97
97 684 7
799 519 61
487 342 92
391 254 35
189 142 46
901 324 11
944 735 56
972 573 21
777 840 99
510 646 74
135 78 76
858 104 66
818 509 35
914 862 84
808 273 26
524 176 71
234 447 66
613 718 92
736 348 91
491 610 27
484 552 85
804 996 78
411 153 29
345 986 28
794 328 15
598 707 84
855 476 25
767 452 68
337 796 18
479 334 74
106 553 64
139 476 98
322 834 84
574 336 47
47 766 95
471 625 29
774 928 22
861 961 51
964 663 56
395 667 50
646 622 65
160 353 92
518 948 17
853 141 48
881 85 28
996 898 62
726 86 20
785 980 35
149 208 75
859 911 40
26 421 82
702 775 48
86 465 64
271 921 56
593 344 71
385 904 59
190 452 15
236 118 63
766 996 92
222 961 91
825 528 54
197 912 77
691 342 49
741 707 53
269 350 75
480 31 78
198 76 19
848 193 47
257 288 26
456 141 56
330 828 27
28 675 78
119 770 73
172 659 61
71 494 70
383 533 20
330 471 35
158 175 94
404 201 27
831 606 23
124 30 31
329 747 30
109 431 94
103 85 29
723 536 10
510 305 78
546 233 43
293 539 10
746 436 43
60 396 42
88 143 54
713 538 34
481 834 89
339 683 100
886 523 54
653 954 13
868 184 64
390 810 73
303 415 39
277 138 57
366 413 2
184 566 53
516 764 88
435 912 39
231 252 38
93 714 94
631 970 12
535 686 48
228 219 11
888 345 40
30 146 53
786 881 44
372 176 56
603 225 61
684 261 99
221 432 68
934 724 24
901 286 9
726 465 51
751 213 69
745 840 83
319 240 70
787 355 73
280 950 17
650 231 24
742 126 100
347 773 42
464 516 38
927 672 20
895 615 63
746 862 95
115 368 22
522 368 9
310 969 79
441 630 33
551 394 31
87 876 80
319 682 70
654 95 95
257 549 56
36 535 7
11 135 76
725 289 94
225 280 31
138 599 89
871 910 30
197 923 30
88 83 53
622 317 29
875 882 69
26 389 31
859 356 25
228 158 59
282 732 24
210 8 44
511 187 45
276 123 67
144 166 75
687 975 71
34 784 80
506 713 76
659 847 23
446 383 94
695 883 48
244 560 43
996 871 33
517 932 45
332 726 42
308 38 97
5 536 15
805 561 57
289 43 37
78 311 94
386 158 3
655 135 53
379 881 28
205 254 72
420 784 76
483 634 5
740 171 28
590 520 6
172 866 8
951 914 71
906 533 7
564 686 19
285 240 5
793 50 11
595 18 35
496 954 65
12 121 88
716 637 26
835 325 78
548 206 10
20 338 21
627 25 48
942 386 65
812 448 85
690 581 61
948 505 29
658 248 11
714 716 66
237 85 8
783 795 65
347 734 89
271 393 16
856 981 86
393 861 81
607 573 4
646 652 55
357 336 43
659 138 65
958 436 87
322 288 50
356 897 94
44 610 61
399 710 59
264 645 48
16 585 57
20 888 25
631 789 56
495 609 76
615 887 22
924 556 66
541 212 88
756 727 72
849 575 1
834 370 25
243 146 33
176 510 66
760 449 60
283 743 75
482 429 10
273 716 63
447 260 21
403 968 73
553 760 75
89 115 67
446 441 16
534 112 44
107 511 90
826 670 20
590 914 73
269 278 51
267 203 88
21 422 54
572 894 36
559 64 60
339 769 33
47 550 2
67 443 16
623 526 17
186 470 9
594 63 57
344 383 47
223 737 10
863 607 34
722 468 20
652 167 78
208 228 33
571 108 70
111 453 66
380 373 10
213 78 39
235 510 51
283 166 16
79 648 71
931 260 11
120 1000 7
787 73 92
809 209 95
551 45 12
879 820 44
657 608 44
61 322 14
675 818 91
180 629 97
889 905 17
559 667 23
386 488 97
747 284 8
153 829 73
714 9 81
42 946 95
102 959 22
601 287 73
291 236 26
929 559 33
643 591 82
303 415 90
924 571 73
997 589 26
853 261 5
632 682 36
670 545 27
623 712 52
471 398 17
821 262 75
506 279 12
659 365 99
284 507 59
875 147 14
927 606 51
914 616 74
937 555 41
99 496 71
221 662 71
706 521 22
692 185 51
665 490 76
908 795 95
229 565 92
441 530 37
913 694 70
971 904 7
131 747 73
556 631 74
409 394 43
64 728 34
5 192 100
187 243 42
250 781 89
755 61 61
329 818 35
588 242 60
647 10 40
73 459 47
888 590 59
777 808 23
424 262 13
202 655 34
741 258 83
487 176 1
839 786 87
58 668 71
449 127 84
780 905 84
914 653 24
762 434 60
545 469 35
25 394 56
408 541 66
579 750 34
26 562 3
60 761 14
562 260 35
873 334 32
115 28 22
362 134 41
837 45 100
869 978 13
544 266 18
861 973 94
85 691 11
683 949 52
230 106 28
721 205 50
871 621 29
1000 163 29
429 637 75
918 658 93
39 733 50
150 40 7
271 201 99
809 674 61
110 524 72
934 463 68
951 13 21
98 647 42
667 493 31
594 884 8
876 637 41
626 817 98
529 118 2
653 280 85
625 680 98
345 721 73
302 919 76
20 502 21
790 530 41
536 443 71
733 97 83
827 393 43
508 785 12
922 106 41
232 112 82
799 61 89
891 168 85
760 932 17
986 289 35
709 762 89
507 233 71
238 714 72
205 44 98
518 988 32
617 4 63
651 609 6
288 768 38
209 655 64
47 888 83
740 857 18
983 582 79
79 596 59
278 714 70
407 296 85
77 320 88
349 34 96
714 660 53
660 417 2
622 955 31
375 263 33
989 13 62
97 159 81
319 507 48
551 349 41
715 295 31
614 705 80
391 40 23
105 455 80
190 188 12
148 193 81
43 836 89
445 168 53
274 943 83
317 478 55
500 113 40
569 132 30
998 540 78
667 959 58
612 812 91
158 319 4
305 836 2
926 860 33
45 950 99
507 342 22
867 181 84
246 434 19
275 875 46
283 442 92
987 638 75
772 138 94
859 418 53
296 35 26
278 898 71
129 58 82
783 481 13
966 135 88
78 301 77
501 662 9
168 926 48
110 392 51
454 22 65
881 360 20
129 850 74
822 108 36
76 497 50
867 340 47
227 399 26
834 217 48
320 499 76
946 749 27
685 124 22
627 7 92
601 951 86
713 444 41
350 644 66
824 182 32
190 629 26
728 337 81
301 971 83
979 839 59
577 246 46
878 719 11
18 240 18
836 960 71
919 151 63
88 890 21
133 878 15
384 146 78
87 936 56
60 20 50
953 363 77
694 561 17
485 641 14
383 269 75
273 647 86
462 373 55
1000 21 66
886 963 44
356 153 97
522 384 93
251 405 81
448 969 71
442 866 91
226 65 54
729 131 84
708 306 70
714 535 32
616 801 40
370 336 85
142 600 52
323 355 63
628 847 72
726 972 98
877 63 83
834 610 67
282 311 1
73 419 12
356 430 63
288 858 7
829 320 90
554 875 56
518 561 99
45 18 81
207 549 94
825 835 19
619 333 76
604 486 38
881 322 52
673 515 74
58 932 40
717 907 32
194 701 92
559 874 96
683 753 81
374 672 20
783 196 23
263 121 77
31 767 82
517 382 77
337 115 29
496 90 94
723 543 53
784 663 25
102 1 32
709 759 9
901 911 27
88 591 64
947 150 84
258 414 76
53 779 81
427 786 66
606 829 91
594 503 55
941 633 7
37 816 47
824 561 20
274 158 39
471 903 2
762 30 76
620 636 54
316 581 69
406 647 60
434 222 25
677 954 78
688 125 14
644 804 94
998 677 26
39 276 55
670 803 95
528 724 61
216 133 95
785 114 56
271 259 46
154 702 14
937 15 8
211 629 36
14 865 25
88 857 91
173 991 82
212 242 17
52 550 20
93 912 83
586 383 36
129 20 57
865 334 45
573 231 75
435 369 75
151 394 9
659 124 63
354 880 55
558 65 26
637 320 52
38 404 35
190 464 18
623 682 82
229 674 93
590 739 58
993 69 26
579 788 72
596 421 61
670 736 54
239 855 32
90 484 95
837 958 13
902 119 41
303 560 61
627 852 18
217 976 71
762 961 9
612 617 24
911 482 16
818 208 48
52 831 65
492 476 58
504 127 90
989 605 27
57 674 85
427 331 82
542 659 91
79 659 30
854 661 67
91 581 67
880 458 63
937 956 7
390 984 5
65 90 97
326 141 45
959 427 27
807 674 43
489 662 33
103 216 40
119 300 73
854 954 28
107 77 95
247 690 30
424 325 22
246 421 50
224 543 37
325 23 100
592 584 31
385 493 10
954 552 71
614 973 17
409 940 24
77 983 67
924 845 50
719 903 24
284 103 72
624 542 83
119 470 39
585 977 89
887 251 9
47 805 93
27 846 27
854 375 8
464 204 84
165 612 45
474 228 57
707 216 40
494 344 76
802 522 65
672 39 97
499 247 39
778 703 30
541 2 36
945 253 89
876 619 56
763 8 44
203 222 15
398 247 43
415 127 56
33 924 61
547 278 62
434 429 92
404 227 54
321 256 58
630 840 14
530 415 58
917 908 64
184 529 1
777 834 99
961 574 62
91 97 6
599 70 57
259 647 61
404 404 38
255 745 52
229 559 1
445 598 63
305 468 72
487 34 52
892 907 22
540 21 11
800 423 38
108 274 26
952 354 88
890 232 57
649 146 83
750 61 8
834 758 26
356 952 64
231 936 2
727 98 73
715 264 27
323 369 8
985 447 10
777 732 2
629 810 32
595 984 53
976 157 54
526 798 12
762 332 77
716 742 69
298 43 74
516 713 3
587 996 21
112 538 95
979 484 93
163 970 94
704 352 16
903 257 47
792 432 78
638 226 23
814 984 49
318 815 100
23 482 44
407 68 62
174 979 58
267 342 75
661 624 84
978 285 8
114 388 62
872 740 58
800 271 55
319 50 83
812 809 5
621 147 44
178 501 74
417 823 52
435 254 13
202 627 40
759 414 36
563 92 6
62 593 77
125 420 63
99 81 30
124 122 93
425 108 63
849 528 82
894 676 83
874 893 17
451 2 30
350 133 20
663 169 66
324 172 75
940 111 70
848 466 43
826 249 38
979 309 86
331 619 72
853 172 41
684 120 85
9 849 92
553 112 83
637 986 56
843 301 74
513 357 45
249 70 3
858 686 91
499 701 64
262 49 46
410 643 1
228 745 14
768 953 96
733 823 14
425 455 56
900 902 62
792 274 72
113 155 77
994 156 63
603 74 54
798 48 22
58 9 83
12 518 19
539 478 27
546 794 80
88 495 61
631 28 90
585 714 33
702 299 60
735 359 21
111 196 63
509 740 65
646 336 18
886 654 69
801 145 75
657 185 13
10 699 4
180 1 53
717 493 3
884 354 96
879 144 1
823 795 38
588 97 1
453 469 99
87 264 24
774 440 42
60 823 54
141 266 61
357 427 100
993 361 14
838 283 47
911 978 93
215 501 5
169 930 52
42 257 87
213 986 45
616 387 55
296 809 37
855 462 89
312 989 56
90 175 77
390 290 94
702 331 83
887 541 35
913 196 52
745 253 96
696 551 15
697 1 97
355 252 33
274 156 71
932 344 28
158 664 51
465 927 96
741 152 86
408 709 19
369 718 29
55 111 25
54 957 80
872 299 18
393 55 98
662 640 75
218 438 13
767 997 37
487 596 65
164 390 83
106 102 31
697 920 51
403 769 18
499 132 73
824 714 59
344 162 28
968 170 32
558 60 20
176 159 94
739 404 35
791 82 52
752 59 98
572 410 88
983 339 39
175 590 33
81 593 81
613 26 87
147 826 38
172 385 40
649 420 22
614 37 53
5 706 84
133 82 97
575 328 70
416 356 59
526 372 51
126 942 6
54 640 46
57 917 51
710 392 30
242 276 72
30 377 74
118 761 39
267 812 43
980 588 14
423 714 45
1 36 12
19 183 90
730 595 72
232 703 45
822 537 48
505 875 40
792 680 2
49 167 56
205 907 44
303 807 34
308 170 75
536 196 15
919 936 3
914 467 47
126 889 14
345 784 6
51 564 54
749 854 92
774 965 33
668 873 69
278 240 49
783 864 86
475 648 94
195 363 1
727 94 12
823 622 3
547 63 40
687 551 83
965 156 6
66 338 42
453 333 14
619 961 17
800 330 52
652 420 29
345 324 72
482 596 14
771 283 18
375 848 20
90 501 41
266 358 69
585 600 5
415 141 47
502 850 95
457 604 96
94 671 35
91 740 63
852 763 83
513 736 47
995 662 9
45 122 81
651 962 100
285 127 68
977 730 66
60 613 89
231 106 48
156 787 41
770 213 63
841 617 38
755 647 19
861 788 64
331 5 97
563 761 32
22 748 16
971 736 6
274 618 87
787 393 63
709 651 21
852 396 13
654 570 36
518 882 14
623 852 18
663 18 23
261 729 29
680 262 32
999 697 5
469 926 39
764 64 52
105 949 64
989 659 45
939 573 66
286 946 34
366 588 24
157 502 24
361 443 74
366 622 16
263 418 79
74 881 60
747 8 85
681 899 35
682 62 73
970 556 19
758 358 96
477 215 49
771 203 80
874 418 77
922 84 53
254 388 68
902 278 79
699 860 43
245 601 80
9 164 47
845 65 9
434 723 8
755 288 50
142 472 5
789 922 9
770 65 1
823 565 13
55 836 32
463 348 82
411 398 27
257 437 72
477 838 50
552 601 53
675 729 41
125 944 98
663 784 57
856 231 79
60 838 84
118 575 90
784 838 50
305 613 86
64 611 65
927 798 87
153 842 51
881 899 40
734 991 65
618 624 8
281 839 19
832 196 64
257 238 56
354 474 72
256 949 93
205 319 8
279 579 85
28 520 73
501 759 74
742 50 60
655 165 33
399 214 47
631 682 45
512 526 30
897 328 61
230 832 57
898 936 20
347 186 4
784 639 74
654 576 35
545 807 87
186 591 93
361 54 10
585 72 10
362 713 60
811 373 90
945 618 78
386 13 3
758 307 31
150 698 90
668 665 49
317 190 36
802 374 85
430 744 69
